,attribute_1,attribute_2,attribute_3,attribute_4,attribute_5,attribute_6,attribute_7,attribute_8,attribute_9,attribute_10,attribute_11,attribute_12,attribute_13,attribute_14,attribute_15,attribute_16,attribute_17,attribute_18,attribute_19,attribute_20,attribute_21,attribute_22,attribute_23,attribute_24,attribute_25,attribute_26,attribute_27,attribute_28,attribute_29,attribute_30,attribute_31,attribute_32,attribute_33,attribute_34,attribute_35,attribute_36,attribute_37,attribute_38,attribute_39,attribute_40,attribute_41,attribute_42,attribute_43,attribute_44,attribute_45,attribute_46,attribute_47,attribute_48,attribute_49,attribute_50,attribute_51,attribute_52,attribute_53,attribute_54,attribute_55,attribute_56,attribute_57,attribute_58,attribute_59,attribute_60,Discrimination,Difficulty,Guessing
attribute_1,1.0,0.695286817408463,0.54414329830184,0.4185951335427206,0.32837426245609447,0.2115231416560176,0.24362043752941182,0.3709595311191851,0.37185053918371613,0.318591035680051,0.3319533129288223,0.22629285646274222,0.22347733900836286,0.24943417860346442,0.28390483367813,0.2560426216085258,0.23270967131440415,0.1848782329836287,0.23180499371296487,0.25565109204489583,0.2502862190010932,0.04223543112879518,-0.14658951376804777,-0.26445741306885545,-0.4491020177918378,-0.4136764704234979,-0.5029394304898024,-0.3868406599221947,-0.23145603084980035,-0.08886226847639336,-0.08017380276096597,-0.06349757511398584,0.06637400996550194,0.1604498071893903,0.13441366663295168,0.04007384376820995,0.09893751574180823,0.2663011159258963,0.3242381445335272,0.26739621095598637,0.18679704799021477,0.1991094230149698,0.17071690750727625,0.10365074162938864,0.20303061401772748,0.28934334392260935,0.21582950867848347,0.26953366853921185,0.27085080456845434,0.415360451289339,0.27637084080136687,0.1938531468986705,0.3332476626216261,0.41430568005908486,0.09147764908397786,0.22773940200216836,0.2074495015738512,0.28801422542637684,0.20922904272394563,0.2069030363480544,-0.29222181580530815,-0.04749385403573609,-0.1690725265153307
attribute_2,0.695286817408463,1.0,0.6505792345951474,0.36897691022995477,0.2938656918394655,0.3418896845841264,0.3416702181554198,0.5716776509335124,0.5007601250053181,0.38788391769271735,0.36592253702441674,0.24935612815561936,0.28089092817869554,0.27415177990250356,0.30289381760750284,0.29825000403787627,0.17187682216708064,0.03357443810778036,0.1301913536880213,0.14586940224125122,0.1405278244830144,-0.0672399116181868,-0.22891524365162377,-0.25437487938409975,-0.4726748943317255,-0.4678928858118428,-0.4504791608043384,-0.2695226480696128,-0.13260165046832653,0.041974360980713124,0.07742194511104153,0.01690535523644774,-0.001093533886843971,0.12233995200220973,0.19056747505545737,0.0429682374367077,0.02055749074054781,0.2067214481878192,0.277406551522814,0.22960967073289668,0.303607218264578,0.3918255439124457,0.38664262180031195,0.282576597756725,0.401335758839868,0.460973182670328,0.4380891769574706,0.42424749123288585,0.44092330547561454,0.5223025689334441,0.5253810917522436,0.5333827000416903,0.3894493140885703,0.5039902006806607,0.1848208434248597,0.22221944351144174,0.2421081918827213,0.34155717899420074,0.15735682390342776,0.014143779240038403,-0.39437471010951586,0.1455163199263638,-0.0030868135242838593
attribute_3,0.54414329830184,0.6505792345951474,1.0,0.7052891011114711,0.473730666634645,0.3324166173739571,0.19381223194969582,0.5021161406898343,0.31883512997948044,0.2404120801469409,0.325674996742517,0.3207793018549842,0.34479996198101637,0.36083205125950707,0.3841145839252078,0.3746360195147926,0.3667507407363041,0.33388031572330046,0.3608856658132863,0.27312870006888096,0.19621080420223772,0.12513224669073442,-0.0009709349954101736,-0.09879423172248523,-0.3033507859472291,-0.3966473965274441,-0.40107473206909017,-0.4286150835852727,-0.4211780417386774,-0.29580629042931894,-0.14660539856254934,-0.17162410082994342,-0.14942615662305153,-0.05771066418135626,0.08817496874468517,0.0889764385155465,0.14228235854071433,0.20845076687270622,0.1979521135937839,0.2610532392691417,0.3090731416974856,0.38329711761758645,0.2726048935734574,0.13540096887415196,0.14982774987408728,0.13369442978691437,0.1770096238521816,0.2095558164680721,0.2370888497930951,0.13552299669206358,0.26981085349544404,0.37303938289513,0.34633400418431753,0.3697002959727332,0.11460043649003639,0.2726959313186576,0.37161952465387854,0.37217912773098605,0.3152319076254585,0.12830586250453693,-0.3843019155589909,-0.0224872944871722,-0.16045951968546135
attribute_4,0.4185951335427206,0.36897691022995477,0.7052891011114711,1.0,0.7277587053154932,0.26620078644622897,0.11727871325294811,0.4259610365144261,0.2517083488527609,0.2557798411648415,0.29750496756144196,0.28878150102446887,0.26053248904599596,0.3356658773832758,0.33514545046846617,0.2982926884750724,0.30529993542748896,0.3224497307203232,0.34911758538290816,0.29389871335063733,0.24457098469215316,0.14486015979791683,0.030145096186375828,-0.12598830054731083,-0.268300502163242,-0.3441974928437093,-0.35217924481012886,-0.3394378461960979,-0.42029072714930715,-0.378665970903785,-0.30122247268536445,-0.2921945212178682,-0.1676385399047894,-0.08349657885616378,0.0309944652628469,0.006699528637784852,0.07209807978106436,0.1726325214597824,0.1737570710111677,0.17205011200927017,0.188203945220605,0.2900070741098311,0.2265104473907834,0.03876404863196373,0.06633686407099068,0.013282209791379524,-0.09771498981335593,0.08570310581219139,0.1034612554103396,0.0606862919527782,0.18254892301032016,0.3888238284417826,0.5159498530219772,0.40291206791368606,0.12292973552668064,0.4425614903846473,0.36874909669744577,0.32652066628890597,0.35289464758230005,0.2753020069479245,-0.36297412988785616,-0.0462133776463817,-0.15954879809730158
attribute_5,0.32837426245609447,0.2938656918394655,0.473730666634645,0.7277587053154932,1.0,0.5975731456551094,0.31138592546864846,0.37361855060944393,0.11843245127045436,0.05087920516810297,0.1371204819144891,0.2276932425038092,0.3159769140648535,0.41203399171860694,0.40054290192802794,0.3844212254460844,0.3719862015591022,0.37273800825034764,0.4421020894596153,0.3485601820017262,0.26639007809684456,0.24615989889163212,0.14453752411379753,0.011954164809268765,-0.15449372507061945,-0.2298036106055063,-0.21983717493933716,-0.2675445467797438,-0.34110979631380406,-0.31854132465882695,-0.2219485438547443,-0.19190690865792875,-0.2116126695015212,-0.18034211172808046,-0.08595947348010101,-0.05859909142380606,-0.06316378916704594,0.038343811725073194,0.11152607173940472,0.1104964141150149,0.10999897840776483,0.20174032590981486,0.15622024528845194,-0.022925114200591887,0.014928980406993987,-0.0027942843181220623,-0.07781808272952744,-0.027462824277690374,-0.02243762230808429,0.031048650024379305,0.13962783347168176,0.30222432175689595,0.2992944535406744,0.28614391799401306,0.010302782782685553,0.32132308768978235,0.18917849306471293,0.061314224630398935,0.364670957244688,0.27380048321146633,-0.276517660672816,0.20208567226497168,-0.13122598182658785
attribute_6,0.2115231416560176,0.3418896845841264,0.3324166173739571,0.26620078644622897,0.5975731456551094,1.0,0.8126970521539452,0.6143747621060073,0.40550606594644256,0.22402998458254375,0.24974522948053218,0.28925325864981716,0.4027969640736879,0.41901227978028643,0.3830904358872928,0.3477059758731415,0.24382140513999628,0.15887155635133404,0.13920661341700657,0.06573998096425171,0.025001499190753375,-0.01207940414094431,-0.10708060524770066,-0.09205740513923558,-0.19668603014972827,-0.20981489547287388,-0.12184384566471226,-0.07294017064194311,-0.1269633317936471,-0.08872624830095191,0.16063775339727052,0.12152151853674263,-0.14111545995091168,-0.1227586919475322,-0.026566057480914403,-0.06365422986561763,-0.15111293788159855,-0.04382380976715002,0.02468259773470827,0.010717432144689417,-0.021026016755760338,-0.019547178273530436,-0.0021394083013261374,-0.016788039614714208,0.028855659062434917,0.007340120253563132,0.0038658417868897964,-0.013410611058664102,-0.04288935557990644,0.07120670918245255,0.16177308896224893,0.2879513316171416,0.11056225808401467,0.025335877065757444,-0.10369495308213596,0.16443288720918403,0.08687904706987276,0.011029931674054494,0.15766366532608295,0.1662345601604061,-0.21478476413670772,0.40858491500751726,0.032487587414217804
attribute_7,0.24362043752941182,0.3416702181554198,0.19381223194969582,0.11727871325294811,0.31138592546864846,0.8126970521539452,1.0,0.7004593596185203,0.5302365106944127,0.3723913355033909,0.3209666137016051,0.28755934144485656,0.3507743143713377,0.4085486375716953,0.3956088958224551,0.3330435793631511,0.16824997298886415,0.07960328584326683,0.05348167161267739,-0.00844685309663881,-0.014057038666622059,-0.17353808488886285,-0.2710881719899211,-0.15794769835165878,-0.24486637410559534,-0.23770200542455802,-0.15076246265763266,-0.055957971161347514,-0.09880662905950063,-0.018152251308239997,0.1225502543021399,0.05455605297395895,-0.18507262412013104,-0.15660523919735364,-0.021959650431138487,-0.04825317487110603,-0.10273288807969265,0.011169907166966088,0.06623233033118411,0.05684362172146718,-0.0611883087052566,-0.12183561082604277,-0.07952133833925992,0.008367049054219972,0.03126637763234493,0.005801868381414052,0.04292199865082934,0.08298631577786444,0.10862395967585116,0.1801087538756032,0.1977914768149459,0.20005644714225962,0.04025057160310242,0.04039644520740671,-0.09125177879269766,0.18878639392505517,0.09865216169392207,0.0904009306887755,0.16819502544305653,0.2773695156310377,-0.20037155338973264,0.4175003004432059,0.168846604226922
attribute_8,0.3709595311191851,0.5716776509335124,0.5021161406898343,0.4259610365144261,0.37361855060944393,0.6143747621060073,0.7004593596185203,1.0,0.7327220443403747,0.5485029193877844,0.5763982153360793,0.46490197042383763,0.4050130656570255,0.4681407158614404,0.4612940451800229,0.3971325932666954,0.19947707015852303,0.09611526636401968,0.09919331402632942,0.08905915319434828,0.059755024675067006,-0.13074090138435493,-0.23388772617551576,-0.17589945421338007,-0.32559067878285836,-0.3670524712770096,-0.30258327179365596,-0.1538989394265005,-0.13590921380888324,-0.016296027815946676,0.11178393560545062,-0.027434119858970717,-0.2141256685519788,-0.14152991885296198,-0.05479498296147755,-0.0899284676087799,-0.10305656485211602,0.03235217351421046,0.13752173970685763,0.15875001161249344,0.07121169042103742,0.08733921424632841,0.13351600657757678,0.10798027127287205,0.17249896924788805,0.08786041530057502,0.12123186062336364,0.27825171666314635,0.27134153107229075,0.25424410918563667,0.27930284777898984,0.3944945661248074,0.3496473103291775,0.22511405132639203,0.08366111589155978,0.4492276118392028,0.3668838551401524,0.21201898411693257,0.06164833267715295,0.06385765501551802,-0.2739340040795325,0.2841055091038566,0.131179109547596
attribute_9,0.37185053918371613,0.5007601250053181,0.31883512997948044,0.2517083488527609,0.11843245127045436,0.40550606594644256,0.5302365106944127,0.7327220443403747,1.0,0.8802709343607711,0.7401552301582177,0.47076311469246074,0.31732042280845746,0.2804011193050439,0.2623279965990527,0.21354766695364963,0.06573929580692868,-0.0050603219534195295,0.03381299123211502,0.12614890584203317,0.1306446159613162,-0.12419599209653856,-0.29267022417284605,-0.3244785861356655,-0.3581625318842164,-0.29416398317927184,-0.23486038235546064,-0.055852242780418525,-0.017916417191852187,0.14725458710666517,0.21891169088374898,0.14027549146082263,0.039503923000848824,0.14968145225721483,0.14955029565356473,0.09432391497794416,0.19268627390865992,0.3385204257974298,0.3961228726524093,0.3585334829012485,0.1465636921709712,0.10179645956173995,0.2309327011841547,0.3684192608547177,0.42887287564696347,0.28748993653822924,0.28245808657365645,0.3801689355055056,0.3428509912900732,0.3930332026447208,0.2531762542866516,0.3748264615770185,0.42430685123586587,0.1424170900818225,0.05169634933505678,0.34141489483102494,0.20151613500844928,0.1640053791102558,-0.1065307666673014,0.03838127813287001,-0.2299009558847834,0.09615440581149623,-0.018492304726118375
attribute_10,0.318591035680051,0.38788391769271735,0.2404120801469409,0.2557798411648415,0.05087920516810297,0.22402998458254375,0.3723913355033909,0.5485029193877844,0.8802709343607711,1.0,0.8615320908173587,0.5474258300229531,0.34196280068161816,0.22148398185034138,0.1894506741024616,0.16568001884077307,0.05064091041348107,0.017033466294000404,0.05414955474626573,0.14277870217257058,0.17959555626816687,-0.015805119767286636,-0.18000950790591433,-0.25953677338003295,-0.29564840643078566,-0.23912680449757165,-0.20182864749267174,-0.0919856147144041,-0.10907210951971871,-0.027851803201501924,0.029161028944330453,-0.0006963972060946943,-0.010537068802754668,0.06577180745026777,0.05259441260698782,0.020881686612035294,0.16296831918152183,0.2990536763346348,0.4113860491893204,0.3044108634335587,-0.0143003004399502,-0.001276720573630309,0.17266297967539387,0.2823561358819952,0.302646790764224,0.10204295155859558,0.16579219623386474,0.3992768355987685,0.3671226791063855,0.33462570964018173,0.20953725666269477,0.24382316574656593,0.36642935638709223,0.15708156238413834,0.12767464310972834,0.22826407113425648,0.09816777959831076,0.19863318710473324,-0.04358821974699735,0.07087291729259239,-0.17979946608914824,-0.05045330846322775,-0.12023628066479616
attribute_11,0.3319533129288223,0.36592253702441674,0.325674996742517,0.29750496756144196,0.1371204819144891,0.24974522948053218,0.3209666137016051,0.5763982153360793,0.7401552301582177,0.8615320908173587,1.0,0.8158220335350327,0.629178664042687,0.41108368312449,0.3126034759422962,0.30069706939561136,0.23240784123708003,0.20776713637012492,0.24444126977110767,0.2641825298502382,0.2421691398615296,0.13145182957333973,-0.048167567810289566,-0.17724656696257754,-0.2749217839879699,-0.27006605817732465,-0.25360049714255795,-0.1896661742578947,-0.2168294447749646,-0.21926085403034512,-0.10981495028574709,-0.12282595254126097,-0.14800136302046063,-0.0971469276704542,-0.14152835133241348,-0.14426833346029266,0.0030737018451976266,0.11304908351188153,0.28718285081619327,0.21571312179407143,-0.09686571608223694,-0.020048378755088376,0.1734595540096588,0.20159480049441783,0.18920832203850582,-0.013162240289496611,0.052569756118987336,0.27942661223862936,0.24979653051274747,0.1467241513252016,0.15832401425914092,0.2018204861758942,0.3880025544643402,0.2319955895060662,0.23544946227437283,0.29043099359334507,0.023408652064826847,0.26094460920995693,0.007377774775749642,0.012954524885160874,-0.26541471374929454,-0.030699739968972743,-0.12533506120441348
attribute_12,0.22629285646274222,0.24935612815561936,0.3207793018549842,0.28878150102446887,0.2276932425038092,0.28925325864981716,0.28755934144485656,0.46490197042383763,0.47076311469246074,0.5474258300229531,0.8158220335350327,1.0,0.8634686936040579,0.5757953268570142,0.3923356853124193,0.37147909548792235,0.3431539520932584,0.3348461031286143,0.368699306817243,0.2992438026105678,0.17183248404968757,0.09960467574439279,-0.06702845879705972,-0.22614101686463103,-0.30011013027660927,-0.35541016759564525,-0.31197693188527903,-0.24307513633597852,-0.25098391075830245,-0.3062255300086804,-0.14870383636540954,-0.13393205926255525,-0.21135727237288313,-0.22347259547824777,-0.3324107464570395,-0.3203955105936957,-0.12048609562504115,-0.010285916486511434,0.13730366635404317,0.09672910041998635,-0.02602066345554872,0.07744257504404099,0.22409014595289548,0.15233269753480286,0.07602337305510816,-0.051831057212907074,0.029089506517007573,0.12540708017445068,0.10617558814270983,0.04590982843036522,0.13023785625940207,0.20150177157349358,0.3569907686693658,0.20264601189629286,0.2854180672296452,0.36563873101175,0.010891746180399963,0.22804481182799777,0.1120793413532231,0.08521721865212002,-0.29525662058957447,-0.0006330032546714009,-0.02645148454027102
attribute_13,0.22347733900836286,0.28089092817869554,0.34479996198101637,0.26053248904599596,0.3159769140648535,0.4027969640736879,0.3507743143713377,0.4050130656570255,0.31732042280845746,0.34196280068161816,0.629178664042687,0.8634686936040579,1.0,0.7975702741817462,0.597837524240875,0.575793281180801,0.5235088090884416,0.4552438162840777,0.4738158513469417,0.3855567677193773,0.22702187988855915,0.1160870996561993,-0.10371414828700336,-0.24842188779704158,-0.30182648849343274,-0.33271345104838385,-0.32066125763605086,-0.29611957472742795,-0.35190784106052253,-0.4184728307442326,-0.20810312086301302,-0.17343629447352027,-0.331343466862291,-0.3306780808336477,-0.3667602504114911,-0.3710934108174191,-0.2577911364826234,-0.1438997085581381,0.018229918845864494,-0.0030128971824942225,-0.07971873118553523,0.08687722068340724,0.19203932817255676,0.08831074009922076,0.061450545669297585,-0.01588075674588233,0.023100592758360208,0.009036155835499106,-8.111876308450985e-05,0.07771018517803843,0.22219564091077568,0.28164142287322286,0.2826765613668553,0.2888062327757541,0.2891734343726641,0.3058214970160636,-0.07476046689120239,0.24351328930750832,0.1558766689501283,0.061274494720162276,-0.3463949049418373,0.12409861957427167,0.05294315517400954
attribute_14,0.24943417860346442,0.27415177990250356,0.36083205125950707,0.3356658773832758,0.41203399171860694,0.41901227978028643,0.4085486375716953,0.4681407158614404,0.2804011193050439,0.22148398185034138,0.41108368312449,0.5757953268570142,0.7975702741817462,1.0,0.9060653897947054,0.856986209995419,0.7220856689926298,0.6188244114145498,0.5894662217442281,0.47172691713726433,0.2875841465132166,0.049667371572940607,-0.17836540733932485,-0.2640863479653446,-0.3724394742532309,-0.4266595877606758,-0.4530408144354686,-0.4858516051280595,-0.5130641843613469,-0.4493367777481424,-0.30363648765755263,-0.34122235153121294,-0.44602500838074405,-0.3503067922449248,-0.2634183293651262,-0.27799430137590175,-0.22003332589005226,-0.14858475965412074,-0.08553518940602989,-0.034242614998378836,-0.09618247841462808,0.039872891248263466,0.028574543408950995,-0.12373935038311991,-0.0075370771659792725,-0.02743220824116384,-0.04597784441939584,-0.059542119992480325,-0.04653016730465464,0.14307473376101681,0.1632491094488718,0.31809541279882064,0.29400057889910447,0.3333821510595392,0.3523734762331555,0.3943563199750475,0.12221894854109788,0.2130375565332107,0.25493254969495716,0.15262454094044456,-0.3321894454345151,0.16170479589949077,0.10532870221993766
attribute_15,0.28390483367813,0.30289381760750284,0.3841145839252078,0.33514545046846617,0.40054290192802794,0.3830904358872928,0.3956088958224551,0.4612940451800229,0.2623279965990527,0.1894506741024616,0.3126034759422962,0.3923356853124193,0.597837524240875,0.9060653897947054,1.0,0.9522601016514497,0.8042469429817796,0.7005148521092128,0.6434342710796854,0.4906418704836157,0.3269521865024482,0.07998379553352433,-0.17588685335693818,-0.23775685717164918,-0.3887877753449418,-0.48347194546392597,-0.5227841647061673,-0.5458052945204792,-0.5417524309541839,-0.4104922256928752,-0.2948598427048003,-0.4113291819452966,-0.5083368996359172,-0.37572566077848124,-0.23932965175716267,-0.27895022331502906,-0.20872390610258826,-0.11231016775605343,-0.09163119802678228,-0.05602811617678847,-0.09573497869911549,-0.02967412296712423,-0.11601591581433375,-0.2753218403372649,-0.10059822406502172,-0.07114143656229123,-0.0228290541032371,-0.031280389754688914,0.0044154409085314,0.20400217840213888,0.13400388937347005,0.2693956876254541,0.19625155532343097,0.30322830746944784,0.3441846494347437,0.3783386054944308,0.2269378399728589,0.2618288764999927,0.2827884575487362,0.15989063834968212,-0.36315711416226953,0.12933821884621738,0.11465701450010307
attribute_16,0.2560426216085258,0.29825000403787627,0.3746360195147926,0.2982926884750724,0.3844212254460844,0.3477059758731415,0.3330435793631511,0.3971325932666954,0.21354766695364963,0.16568001884077307,0.30069706939561136,0.37147909548792235,0.575793281180801,0.856986209995419,0.9522601016514497,1.0,0.9110374838617205,0.7977289232460877,0.7002599392712404,0.48637095859619567,0.32885078179647176,0.12108537466621414,-0.11972473264508657,-0.22624477238113092,-0.388214634263552,-0.49269555763377304,-0.520144440091017,-0.5663022294198748,-0.5771079005547045,-0.46641534202472895,-0.32014340536613384,-0.3973657912836115,-0.5158530294304206,-0.36520901671212536,-0.20207786162436253,-0.23782264327137728,-0.16496292128928886,-0.10931060078798735,-0.10552762379800325,-0.06741613035162242,-0.07677797160888265,-0.01247486317433758,-0.0812876186192511,-0.22422953167990667,-0.0986370715771888,-0.08722293324372297,-0.008468051633532469,-0.02090916199270282,0.024211136836167657,0.1953032001286016,0.11132498099423346,0.2452344416216325,0.17099910024064324,0.2974435657240216,0.3474471165278561,0.34396189867294386,0.20121684984222404,0.2705134426461357,0.2974570268338047,0.1474067784881691,-0.432447335432367,0.04541216685248673,0.023666745056803766
attribute_17,0.23270967131440415,0.17187682216708064,0.3667507407363041,0.30529993542748896,0.3719862015591022,0.24382140513999628,0.16824997298886415,0.19947707015852303,0.06573929580692868,0.05064091041348107,0.23240784123708003,0.3431539520932584,0.5235088090884416,0.7220856689926298,0.8042469429817796,0.9110374838617205,1.0,0.9379189313013855,0.7995658095841061,0.5407206546972535,0.4136753462766518,0.3128472927386157,0.054880375449985176,-0.16306523333646925,-0.312797375144713,-0.4256715104592987,-0.46314075047088904,-0.561715221967301,-0.5979347480106845,-0.5433109297832337,-0.3872619081767821,-0.3895614734633874,-0.4977658498313335,-0.35863035306458885,-0.17409416962871255,-0.20143969433107464,-0.0802025247179444,-0.08749697375554713,-0.1697642473861965,-0.1435901403513561,-0.11928946498860478,-0.04760514369941495,-0.12409516616174535,-0.23542003876910633,-0.14681036449784043,-0.1434437109910226,-0.08438709922285255,-0.11579708289908441,-0.060953781956915525,0.06408287519720311,0.013533317084027134,0.11331737565264255,0.11432465462096889,0.23648882701902432,0.2911333253939722,0.3017931093783973,0.11021341772670289,0.2519548812726518,0.28231407377625956,0.12866508767711518,-0.4394201386478833,-0.14973317679442524,-0.14112594617507618
attribute_18,0.1848782329836287,0.03357443810778036,0.33388031572330046,0.3224497307203232,0.37273800825034764,0.15887155635133404,0.07960328584326683,0.09611526636401968,-0.0050603219534195295,0.017033466294000404,0.20776713637012492,0.3348461031286143,0.4552438162840777,0.6188244114145498,0.7005148521092128,0.7977289232460877,0.9379189313013855,1.0,0.8982501853473405,0.6564820523266347,0.48412644903233104,0.36852537939097163,0.1306010395547452,-0.1090003272229151,-0.24202528062566597,-0.3838300186899566,-0.44954114464169664,-0.5798664485247722,-0.6135209897285421,-0.5608329376539644,-0.42995550649557995,-0.41517709867804964,-0.451101691736094,-0.29667776389482375,-0.16110453927708093,-0.18078069689020548,-0.023436331764828795,-0.022355490068652128,-0.1080522319888851,-0.0930313130763645,-0.1616949532690138,-0.10797162539519974,-0.20376784705872514,-0.300098716101286,-0.2667652692596657,-0.28832267600829037,-0.23770015459943974,-0.2355329189207054,-0.18014310811078293,-0.10018215399280309,-0.14684878044834165,0.01167265827413851,0.06761482947433368,0.17266540401508323,0.2697103210204313,0.29989233130287785,0.06388152588936301,0.1796884709072755,0.2312861463932704,0.12985132187725076,-0.413808689496839,-0.21619659535552024,-0.17319523142108584
attribute_19,0.23180499371296487,0.1301913536880213,0.3608856658132863,0.34911758538290816,0.4421020894596153,0.13920661341700657,0.05348167161267739,0.09919331402632942,0.03381299123211502,0.05414955474626573,0.24444126977110767,0.368699306817243,0.4738158513469417,0.5894662217442281,0.6434342710796854,0.7002599392712404,0.7995658095841061,0.8982501853473405,1.0,0.8744820329178753,0.6766561329099173,0.4508470774442181,0.15637519280453857,-0.08519846409487875,-0.25256284886213237,-0.3846661141771211,-0.42680732789104914,-0.5497305704177587,-0.5755741352566115,-0.503405175788585,-0.48770385021782753,-0.48337336468872605,-0.45797880190801293,-0.2603232825638575,-0.2019480558391892,-0.2062630990453116,-0.02363914491891849,0.043394846077202974,0.04038994057424333,0.010774044062196626,-0.11191806766966375,-0.033529830836807654,-0.13704043051068784,-0.24617275168529756,-0.18339481075597938,-0.20771406185292254,-0.1880753007745775,-0.2323624841482889,-0.1681551636503488,-0.055277761072471995,-0.022788848920391517,0.11570384556226233,0.13547176861894508,0.24737105173449805,0.31033349358810125,0.33363177445734327,0.06791665435654862,0.17681097281060035,0.1821062204644607,0.07287676157591112,-0.387454686322964,-0.20074910850504946,-0.1999695304986528
attribute_20,0.25565109204489583,0.14586940224125122,0.27312870006888096,0.29389871335063733,0.3485601820017262,0.06573998096425171,-0.00844685309663881,0.08905915319434828,0.12614890584203317,0.14277870217257058,0.2641825298502382,0.2992438026105678,0.3855567677193773,0.47172691713726433,0.4906418704836157,0.48637095859619567,0.5407206546972535,0.6564820523266347,0.8744820329178753,1.0,0.8771346971286781,0.4961092292391128,0.12847770037530304,-0.08168244299056045,-0.21133506912776887,-0.3117496706274714,-0.4141029546995896,-0.4876093025970921,-0.4619778730129845,-0.3826357149364313,-0.5119950793032791,-0.5089750353680782,-0.35890321416451954,-0.08632549379646455,-0.13155063891408603,-0.12783915931582415,0.02544861698454698,0.15220221184133254,0.21107577923577084,0.13719313260994634,-0.13050777963704835,-0.06234664732961096,-0.11824579482474167,-0.18781506240895948,-0.06873228242512487,-0.13391054312759193,-0.22361417305139425,-0.24115827449678123,-0.20834676662101748,-0.02566875056743963,-0.01774750309570829,0.10857335267285363,0.1869481861118838,0.2491093337585365,0.3413785447007469,0.3411553113135742,0.053061563071809065,0.05838060660858219,-0.045621753906770195,-0.058341777364771474,-0.27004540085717305,-0.12855018334485913,-0.11802345202568418
attribute_21,0.2502862190010932,0.1405278244830144,0.19621080420223772,0.24457098469215316,0.26639007809684456,0.025001499190753375,-0.014057038666622059,0.059755024675067006,0.1306446159613162,0.17959555626816687,0.2421691398615296,0.17183248404968757,0.22702187988855915,0.2875841465132166,0.3269521865024482,0.32885078179647176,0.4136753462766518,0.48412644903233104,0.6766561329099173,0.8771346971286781,1.0,0.7199815893248882,0.30228733726588397,0.11074784930181392,0.0025162710522347717,-0.11234879598296836,-0.24989537658785568,-0.29903663583063317,-0.34180895232748587,-0.32980572386607904,-0.5414852518938514,-0.5573000275137401,-0.4348058101643961,-0.14059072676102619,-0.11624664329297851,-0.11790505937064544,-0.004832453553396741,0.10516732601616914,0.1422037185410754,0.06144839824022481,-0.1954306818835097,-0.13482248065877947,-0.1416914903443117,-0.1759417128236987,-0.034328481619021176,-0.10316732912384131,-0.215381737200302,-0.21739638624590402,-0.1974276688220818,-0.006246154506205856,-0.012587362292178553,1.8541622508050954e-05,0.1446546603488093,0.26470880746452075,0.24085244977194947,0.3012098519261261,0.04099335999774361,-0.04087322786348788,-0.0804340615759962,-0.04681690578597238,-0.1775142973000394,-0.07686158053763051,-0.13578562407688638
attribute_22,0.04223543112879518,-0.0672399116181868,0.12513224669073442,0.14486015979791683,0.24615989889163212,-0.01207940414094431,-0.17353808488886285,-0.13074090138435493,-0.12419599209653856,-0.015805119767286636,0.13145182957333973,0.09960467574439279,0.1160870996561993,0.049667371572940607,0.07998379553352433,0.12108537466621414,0.3128472927386157,0.36852537939097163,0.4508470774442181,0.4961092292391128,0.7199815893248882,1.0,0.8202837126843041,0.6152374241566558,0.45609982944766736,0.25936053917635965,0.1575483028917406,0.004509264901722411,-0.1748962437088841,-0.3047345336702213,-0.38079565845393754,-0.4058462020453888,-0.4124046365115445,-0.3394689444290899,-0.26987236248039326,-0.2280277932425198,-0.1479518160325616,-0.21201270451142257,-0.23516914463053146,-0.2405143518119088,-0.26752379057980463,-0.18315260816878506,-0.18245754049265428,-0.20794875339397131,-0.12260178888797423,-0.16871742528949732,-0.1407985639326936,-0.21835262920084517,-0.20930866498583026,-0.17111358130028453,-0.08965161818389672,-0.15893151081692466,-0.07882246895698947,0.12988221379415427,-0.09709891886795086,0.05247402569336512,-0.10552060710868473,-0.17568310973458812,-0.0024639428665031615,-0.08093866165976515,-0.07713523825621438,-0.19870581062449344,-0.31169367684149885
attribute_23,-0.14658951376804777,-0.22891524365162377,-0.0009709349954101736,0.030145096186375828,0.14453752411379753,-0.10708060524770066,-0.2710881719899211,-0.23388772617551576,-0.29267022417284605,-0.18000950790591433,-0.048167567810289566,-0.06702845879705972,-0.10371414828700336,-0.17836540733932485,-0.17588685335693818,-0.11972473264508657,0.054880375449985176,0.1306010395547452,0.15637519280453857,0.12847770037530304,0.30228733726588397,0.8202837126843041,1.0,0.893387108864597,0.6927981469663917,0.4743152419428969,0.4053330279903667,0.18031008291369538,-0.025108012201496485,-0.19821474223902846,-0.18013702183880315,-0.17070505723301224,-0.19603337865544546,-0.27883859129699723,-0.26020623366026663,-0.1930918189051891,-0.1758607503319737,-0.30842945671520716,-0.3448732624537644,-0.31113352701348745,-0.24927993217512426,-0.17165759907974565,-0.15351204318943446,-0.16745609520478955,-0.19925629382646548,-0.23963663959250556,-0.14847947100842568,-0.23059516415709588,-0.19346688969984838,-0.2780902604970463,-0.18977365126290613,-0.2025724874899868,-0.18753140678328298,-0.005013463371107475,-0.298540787383354,-0.16766481423396773,-0.1920722898990035,-0.29331978782566026,-0.010578259595711993,-0.16111640270969532,0.10192945890783643,-0.25322786757238547,-0.3372254721485667
attribute_24,-0.26445741306885545,-0.25437487938409975,-0.09879423172248523,-0.12598830054731083,0.011954164809268765,-0.09205740513923558,-0.15794769835165878,-0.17589945421338007,-0.3244785861356655,-0.25953677338003295,-0.17724656696257754,-0.22614101686463103,-0.24842188779704158,-0.2640863479653446,-0.23775685717164918,-0.22624477238113092,-0.16306523333646925,-0.1090003272229151,-0.08519846409487875,-0.08168244299056045,0.11074784930181392,0.6152374241566558,0.893387108864597,1.0,0.8429629297939581,0.6254768544257044,0.5534420780881166,0.32606112921897035,0.09274261209908737,-0.06786740102272824,-0.06878570098059086,-0.12356629101628398,-0.20393219604220458,-0.2956570046121609,-0.24608791022989196,-0.1422983662959532,-0.2131532798377056,-0.34130441235775966,-0.3488620776030784,-0.2814261967013838,-0.2395943961171453,-0.21948629560185434,-0.16688003758550457,-0.15541065878548624,-0.21579499318656878,-0.23930202436849285,-0.11069369553870674,-0.15946490461156032,-0.12299776318311324,-0.27385250997003957,-0.16129009364216465,-0.2462524171112614,-0.3152134761211859,-0.05040725568523975,-0.3830058484168493,-0.22949998098000063,-0.17454305742892723,-0.3646904428379627,-0.04036583920033542,-0.15039734433813984,0.18001367026384058,-0.06627976440062709,-0.14248192330609985
attribute_25,-0.4491020177918378,-0.4726748943317255,-0.3033507859472291,-0.268300502163242,-0.15449372507061945,-0.19668603014972827,-0.24486637410559534,-0.32559067878285836,-0.3581625318842164,-0.29564840643078566,-0.2749217839879699,-0.30011013027660927,-0.30182648849343274,-0.3724394742532309,-0.3887877753449418,-0.388214634263552,-0.312797375144713,-0.24202528062566597,-0.25256284886213237,-0.21133506912776887,0.0025162710522347717,0.45609982944766736,0.6927981469663917,0.8429629297939581,1.0,0.8880324300025724,0.789196439513893,0.571219700107223,0.2681727458255931,0.0361347817115632,-0.03637937472245076,-0.09624668330807012,-0.22463974224457714,-0.35635575431891053,-0.2952377156145747,-0.1770209843812434,-0.22581288581661374,-0.3816800592243468,-0.372075024390107,-0.31214426733194456,-0.3078399471424957,-0.32332120359273797,-0.22394996001652778,-0.14831385094926836,-0.2535788198261002,-0.2873333081485883,-0.1690132300426687,-0.22368809150715507,-0.22492284303144314,-0.34866681641676645,-0.2749778175031381,-0.38739926723062523,-0.39084324098105966,-0.17738503783033022,-0.46122624460755074,-0.23958425472350384,-0.18691735318485525,-0.4263337773139859,-0.17531726109267015,-0.16204693289594727,0.2644359839137997,-0.023966649591585093,-0.013550526936027448
attribute_26,-0.4136764704234979,-0.4678928858118428,-0.3966473965274441,-0.3441974928437093,-0.2298036106055063,-0.20981489547287388,-0.23770200542455802,-0.3670524712770096,-0.29416398317927184,-0.23912680449757165,-0.27006605817732465,-0.35541016759564525,-0.33271345104838385,-0.4266595877606758,-0.48347194546392597,-0.49269555763377304,-0.4256715104592987,-0.3838300186899566,-0.3846661141771211,-0.3117496706274714,-0.11234879598296836,0.25936053917635965,0.4743152419428969,0.6254768544257044,0.8880324300025724,1.0,0.9220714483231538,0.6924024770299116,0.4197572438779667,0.1389063589858648,0.008545152345240817,0.00371401438894738,-0.11095344498978073,-0.2738373216520781,-0.2394913947352391,-0.12728272047210196,-0.20414793939440418,-0.36830928903060317,-0.3167314233626575,-0.29033880257247835,-0.3705503149662596,-0.34504458331764704,-0.1981432200705675,-0.05182587244234709,-0.15033920364240552,-0.19033519341175478,-0.14537517050080415,-0.1845512349158519,-0.18168867665730834,-0.293952557359015,-0.248633012294636,-0.3988070185834769,-0.4037308350828414,-0.2702281445888287,-0.54040315688447,-0.33882322196790776,-0.3125879760851554,-0.4401822348180581,-0.2594407971002199,-0.21190799342409827,0.3440542323770177,0.006277751618074656,0.013577413318377049
attribute_27,-0.5029394304898024,-0.4504791608043384,-0.40107473206909017,-0.35217924481012886,-0.21983717493933716,-0.12184384566471226,-0.15076246265763266,-0.30258327179365596,-0.23486038235546064,-0.20182864749267174,-0.25360049714255795,-0.31197693188527903,-0.32066125763605086,-0.4530408144354686,-0.5227841647061673,-0.520144440091017,-0.46314075047088904,-0.44954114464169664,-0.42680732789104914,-0.4141029546995896,-0.24989537658785568,0.1575483028917406,0.4053330279903667,0.5534420780881166,0.789196439513893,0.9220714483231538,1.0,0.8276504128917098,0.5161051139467279,0.2492059136348117,0.17470126561977548,0.17834346860139538,-0.047166086219686605,-0.27438530562828706,-0.22155673963659064,-0.0931618691638602,-0.1448874425774891,-0.3140921667038684,-0.29223510567878797,-0.3038528226477506,-0.3121357077777793,-0.2780295401925808,-0.1104987947827103,0.06833442176056938,-0.05893938438634913,-0.12569211075525646,-0.03266630488667008,-0.09013458392930414,-0.09025942131031985,-0.23738072779379182,-0.13797514931039487,-0.29495241966739405,-0.4088676773827266,-0.3193540777029541,-0.5770720767660436,-0.36864623674675057,-0.2808050666480818,-0.3917915081256389,-0.19955902088421723,-0.19340719511480747,0.37649203970184725,-0.003896901542914771,-0.043778620514700536
attribute_28,-0.3868406599221947,-0.2695226480696128,-0.4286150835852727,-0.3394378461960979,-0.2675445467797438,-0.07294017064194311,-0.055957971161347514,-0.1538989394265005,-0.055852242780418525,-0.0919856147144041,-0.1896661742578947,-0.24307513633597852,-0.29611957472742795,-0.4858516051280595,-0.5458052945204792,-0.5663022294198748,-0.561715221967301,-0.5798664485247722,-0.5497305704177587,-0.4876093025970921,-0.29903663583063317,0.004509264901722411,0.18031008291369538,0.32606112921897035,0.571219700107223,0.6924024770299116,0.8276504128917098,1.0,0.8333711944183877,0.5943046632469626,0.4381973236971802,0.3632081180360074,0.11618938561276504,-0.10319494418538493,-0.10764194318600531,-0.08282723232911549,-0.1526932658796064,-0.20935417629076347,-0.2105921962724348,-0.3080347218039706,-0.18567795031097867,-0.15651868213230283,0.03026743522914792,0.22830336589129369,0.11261678024851504,0.048079502434766476,0.12213741267244607,0.07287814384382614,0.01932815648028117,-0.03230602011569867,0.011833436440734547,-0.1292161906590787,-0.23961108395341554,-0.2750875697428048,-0.5351149784455761,-0.2511785043385827,-0.1799641178068233,-0.3713445711916192,-0.2944154202624877,-0.1882830396766187,0.348082432490011,0.07598149214382488,0.09860437494483228
attribute_29,-0.23145603084980035,-0.13260165046832653,-0.4211780417386774,-0.42029072714930715,-0.34110979631380406,-0.1269633317936471,-0.09880662905950063,-0.13590921380888324,-0.017916417191852187,-0.10907210951971871,-0.2168294447749646,-0.25098391075830245,-0.35190784106052253,-0.5130641843613469,-0.5417524309541839,-0.5771079005547045,-0.5979347480106845,-0.6135209897285421,-0.5755741352566115,-0.4619778730129845,-0.34180895232748587,-0.1748962437088841,-0.025108012201496485,0.09274261209908737,0.2681727458255931,0.4197572438779667,0.5161051139467279,0.8333711944183877,1.0,0.8415784367810237,0.573938815131207,0.4405234609673804,0.36132886404941944,0.20060970851652157,0.06615406501689218,0.021220503459470002,-0.08289842811245639,-0.12909612544824242,-0.15367848648090546,-0.23123497490866116,-0.04027957898928161,-0.014001758801972871,0.0877233218466852,0.23538529712708095,0.16345945312218457,0.17522582879246112,0.20678926281038618,0.15250677060875525,0.0873131304772864,0.07469404483625336,0.03514977355989086,-0.10362249163807197,-0.16500518880199508,-0.31465811675976685,-0.4387015287914228,-0.24060535164352154,-0.188133555714145,-0.3603874779083897,-0.4408358359971089,-0.24908874816572174,0.40759647466933785,0.04574474609033774,0.22088526268506165
attribute_30,-0.08886226847639336,0.041974360980713124,-0.29580629042931894,-0.378665970903785,-0.31854132465882695,-0.08872624830095191,-0.018152251308239997,-0.016296027815946676,0.14725458710666517,-0.027851803201501924,-0.21926085403034512,-0.3062255300086804,-0.4184728307442326,-0.4493367777481424,-0.4104922256928752,-0.46641534202472895,-0.5433109297832337,-0.5608329376539644,-0.503405175788585,-0.3826357149364313,-0.32980572386607904,-0.3047345336702213,-0.19821474223902846,-0.06786740102272824,0.0361347817115632,0.1389063589858648,0.2492059136348117,0.5943046632469626,0.8415784367810237,1.0,0.778043666607404,0.574325980285389,0.5127449172020819,0.43741712201473887,0.3289627497439599,0.23753112270404517,0.16388667494374465,0.15614965567937455,0.03305253680885103,0.028612140137607947,0.2201819821776014,0.12321758189546823,0.1442307679533165,0.2772887963522154,0.29389357681397643,0.32876187031392345,0.34282000615289077,0.24575760774088184,0.16927299963190312,0.2392291544278353,0.06747373531482981,0.06759733823596897,-0.054914357015795126,-0.22029942042315992,-0.3155517392405039,-0.11405241437132835,-0.026444992374910485,-0.24867184863383487,-0.41844628395499567,-0.2363801826763378,0.35288811145401183,0.05209328184397156,0.22437189591365828
attribute_31,-0.08017380276096597,0.07742194511104153,-0.14660539856254934,-0.30122247268536445,-0.2219485438547443,0.16063775339727052,0.1225502543021399,0.11178393560545062,0.21891169088374898,0.029161028944330453,-0.10981495028574709,-0.14870383636540954,-0.20810312086301302,-0.30363648765755263,-0.2948598427048003,-0.32014340536613384,-0.3872619081767821,-0.42995550649557995,-0.48770385021782753,-0.5119950793032791,-0.5414852518938514,-0.38079565845393754,-0.18013702183880315,-0.06878570098059086,-0.03637937472245076,0.008545152345240817,0.17470126561977548,0.4381973236971802,0.573938815131207,0.778043666607404,1.0,0.8701341072624418,0.5986384407099662,0.41854998083357786,0.2984314199227173,0.16994580143238955,0.0913499626386152,0.09857554477302083,-0.017872549711307754,0.00018964916397731622,0.25210843659569543,0.13814368060186474,0.13444100929142191,0.26677976647794116,0.22415882657847364,0.25185761564133885,0.3579880669352796,0.2564555332349516,0.14638410237458546,0.1684175005371277,0.09064633380403751,0.1863628331513786,-0.052343485623872026,-0.20212577495771783,-0.287278071698199,-0.07934402872997956,-0.0331555498809822,-0.11437828752688776,-0.26846135347376576,-0.17704489909232593,0.24202510323516682,0.10425955331922736,0.06948632951479093
